100.000000 100.000000 100.000000 100.000000 100.000000 100.000000 100.000000 100.000000 100.000000 100.000000 100.000000 100.000000 100.000000 100.000000 100.000000 100.000000 100.000000 100.000000 100.000000 100.000000 100.000000 100.000000 100.000000 100.000000 100.000000 100.000000 100.000000 100.000000 100.000000 100.000000 100.000000 100.000000 100.000000 100.000000 100.000000 100.000000 100.000000 100.000000 100.000000 100.000000 100.000000 100.000000 100.000000 100.000000 100.000000 100.000000 100.000000 100.000000 100.000000 100.000000 100.000000 
100.000000 99.999998 99.999996 99.999994 99.999992 99.999990 99.999988 99.999986 99.999985 99.999983 99.999981 99.999980 99.999978 99.999977 99.999975 99.999974 99.999973 99.999972 99.999971 99.999970 99.999969 99.999969 99.999968 99.999968 99.999968 99.999968 99.999968 99.999968 99.999968 99.999968 99.999969 99.999969 99.999970 99.999971 99.999972 99.999973 99.999974 99.999975 99.999977 99.999978 99.999980 99.999981 99.999983 99.999985 99.999986 99.999988 99.999990 99.999992 99.999994 99.999996 99.999998 
100.000000 99.999996 99.999992 99.999988 99.999984 99.999980 99.999977 99.999973 99.999969 99.999966 99.999963 99.999959 99.999956 99.999954 99.999951 99.999948 99.999946 99.999944 99.999942 99.999940 99.999939 99.999938 99.999937 99.999936 99.999936 99.999935 99.999935 99.999936 99.999936 99.999937 99.999938 99.999939 99.999940 99.999942 99.999944 99.999946 99.999948 99.999951 99.999954 99.999956 99.999959 99.999963 99.999966 99.999969 99.999973 99.999977 99.999980 99.999984 99.999988 99.999992 99.999996 
100.000000 99.999994 99.999988 99.999982 99.999976 99.999971 99.999965 99.999960 99.999954 99.999949 99.999944 99.999939 99.999935 99.999931 99.999927 99.999923 99.999919 99.999916 99.999914 99.999911 99.999909 99.999907 99.999906 99.999905 99.999904 99.999903 99.999903 99.999904 99.999905 99.999906 99.999907 99.999909 99.999911 99.999914 99.999916 99.999919 99.999923 99.999927 99.999931 99.999935 99.999939 99.999944 99.999949 99.999954 99.999960 99.999965 99.999971 99.999976 99.999982 99.999988 99.999994 
100.000000 99.999992 99.999984 99.999976 99.999969 99.999961 99.999954 99.999946 99.999939 99.999932 99.999926 99.999920 99.999914 99.999908 99.999903 99.999898 99.999893 99.999889 99.999885 99.999882 99.999879 99.999877 99.999875 99.999873 99.999872 99.999872 99.999872 99.999872 99.999873 99.999875 99.999877 99.999879 99.999882 99.999885 99.999889 99.999893 99.999898 99.999903 99.999908 99.999914 99.999920 99.999926 99.999932 99.999939 99.999946 99.999954 99.999961 99.999969 99.999976 99.999984 99.999992 
100.000000 99.999990 99.999980 99.999971 99.999961 99.999952 99.999942 99.999933 99.999925 99.999916 99.999908 99.999900 99.999893 99.999886 99.999879 99.999873 99.999867 99.999862 99.999857 99.999853 99.999850 99.999847 99.999844 99.999842 99.999841 99.999841 99.999841 99.999841 99.999842 99.999844 99.999847 99.999850 99.999853 99.999857 99.999862 99.999867 99.999873 99.999879 99.999886 99.999893 99.999900 99.999908 99.999916 99.999925 99.999933 99.999942 99.999952 99.999961 99.999971 99.999980 99.999990 
100.000000 99.999988 99.999977 99.999965 99.999954 99.999942 99.999931 99.999921 99.999910 99.999900 99.999890 99.999881 99.999872 99.999864 99.999856 99.999848 99.999842 99.999835 99.999830 99.999825 99.999821 99.999817 99.999814 99.999812 99.999811 99.999810 99.999810 99.999811 99.999812 99.999814 99.999817 99.999821 99.999825 99.999830 99.999835 99.999842 99.999848 99.999856 99.999864 99.999872 99.999881 99.999890 99.999900 99.999910 99.999921 99.999931 99.999942 99.999954 99.999965 99.999977 99.999988 
100.000000 99.999986 99.999973 99.999960 99.999946 99.999933 99.999921 99.999908 99.999896 99.999884 99.999873 99.999862 99.999852 99.999842 99.999833 99.999825 99.999817 99.999810 99.999803 99.999798 99.999793 99.999789 99.999785 99.999783 99.999781 99.999780 99.999780 99.999781 99.999783 99.999785 99.999789 99.999793 99.999798 99.999803 99.999810 99.999817 99.999825 99.999833 99.999842 99.999852 99.999862 99.999873 99.999884 99.999896 99.999908 99.999921 99.999933 99.999946 99.999960 99.999973 99.999986 
100.000000 99.999985 99.999969 99.999954 99.999939 99.999925 99.999910 99.999896 99.999882 99.999869 99.999856 99.999844 99.999832 99.999821 99.999811 99.999801 99.999793 99.999785 99.999777 99.999771 99.999765 99.999761 99.999757 99.999754 99.999752 99.999751 99.999751 99.999752 99.999754 99.999757 99.999761 99.999765 99.999771 99.999777 99.999785 99.999793 99.999801 99.999811 99.999821 99.999832 99.999844 99.999856 99.999869 99.999882 99.999896 99.999910 99.999925 99.999939 99.999954 99.999969 99.999985 
100.000000 99.999983 99.999966 99.999949 99.999932 99.999916 99.999900 99.999884 99.999869 99.999854 99.999840 99.999826 99.999813 99.999801 99.999790 99.999779 99.999769 99.999760 99.999752 99.999745 99.999739 99.999734 99.999730 99.999726 99.999724 99.999723 99.999723 99.999724 99.999726 99.999730 99.999734 99.999739 99.999745 99.999752 99.999760 99.999769 99.999779 99.999790 99.999801 99.999813 99.999826 99.999840 99.999854 99.999869 99.999884 99.999900 99.999916 99.999932 99.999949 99.999966 99.999983 
100.000000 99.999981 99.999963 99.999944 99.999926 99.999908 99.999890 99.999873 99.999856 99.999840 99.999824 99.999810 99.999795 99.999782 99.999769 99.999758 99.999747 99.999737 99.999728 99.999720 99.999713 99.999708 99.999703 99.999700 99.999697 99.999696 99.999696 99.999697 99.999700 99.999703 99.999708 99.999713 99.999720 99.999728 99.999737 99.999747 99.999758 99.999769 99.999782 99.999795 99.999810 99.999824 99.999840 99.999856 99.999873 99.999890 99.999908 99.999926 99.999944 99.999963 99.999981 
100.000000 99.999980 99.999959 99.999939 99.999920 99.999900 99.999881 99.999862 99.999844 99.999826 99.999810 99.999793 99.999778 99.999763 99.999750 99.999737 99.999725 99.999714 99.999705 99.999696 99.999689 99.999683 99.999678 99.999674 99.999672 99.999670 99.999670 99.999672 99.999674 99.999678 99.999683 99.999689 99.999696 99.999705 99.999714 99.999725 99.999737 99.999750 99.999763 99.999778 99.999793 99.999810 99.999826 99.999844 99.999862 99.999881 99.999900 99.999920 99.999939 99.999959 99.999980 
100.000000 99.999978 99.999956 99.999935 99.999914 99.999893 99.999872 99.999852 99.999832 99.999813 99.999795 99.999778 99.999761 99.999746 99.999731 99.999717 99.999705 99.999693 99.999683 99.999674 99.999666 99.999659 99.999654 99.999650 99.999647 99.999646 99.999646 99.999647 99.999650 99.999654 99.999659 99.999666 99.999674 99.999683 99.999693 99.999705 99.999717 99.999731 99.999746 99.999761 99.999778 99.999795 99.999813 99.999832 99.999852 99.999872 99.999893 99.999914 99.999935 99.999956 99.999978 
100.000000 99.999977 99.999954 99.999931 99.999908 99.999886 99.999864 99.999842 99.999821 99.999801 99.999782 99.999763 99.999746 99.999729 99.999713 99.999699 99.999685 99.999673 99.999662 99.999652 99.999644 99.999637 99.999631 99.999627 99.999624 99.999623 99.999623 99.999624 99.999627 99.999631 99.999637 99.999644 99.999652 99.999662 99.999673 99.999685 99.999699 99.999713 99.999729 99.999746 99.999763 99.999782 99.999801 99.999821 99.999842 99.999864 99.999886 99.999908 99.999931 99.999954 99.999977 
100.000000 99.999975 99.999951 99.999927 99.999903 99.999879 99.999856 99.999833 99.999811 99.999790 99.999769 99.999750 99.999731 99.999713 99.999697 99.999681 99.999667 99.999654 99.999643 99.999632 99.999623 99.999616 99.999610 99.999605 99.999602 99.999601 99.999601 99.999602 99.999605 99.999610 99.999616 99.999623 99.999632 99.999643 99.999654 99.999667 99.999681 99.999697 99.999713 99.999731 99.999750 99.999769 99.999790 99.999811 99.999833 99.999856 99.999879 99.999903 99.999927 99.999951 99.999975 
100.000000 99.999974 99.999948 99.999923 99.999898 99.999873 99.999848 99.999825 99.999801 99.999779 99.999758 99.999737 99.999717 99.999699 99.999681 99.999665 99.999650 99.999637 99.999624 99.999614 99.999604 99.999596 99.999590 99.999585 99.999582 99.999581 99.999581 99.999582 99.999585 99.999590 99.999596 99.999604 99.999614 99.999624 99.999637 99.999650 99.999665 99.999681 99.999699 99.999717 99.999737 99.999758 99.999779 99.999801 99.999825 99.999848 99.999873 99.999898 99.999923 99.999948 99.999974 
100.000000 99.999973 99.999946 99.999919 99.999893 99.999867 99.999842 99.999817 99.999793 99.999769 99.999747 99.999725 99.999705 99.999685 99.999667 99.999650 99.999635 99.999620 99.999608 99.999596 99.999587 99.999578 99.999572 99.999567 99.999564 99.999562 99.999562 99.999564 99.999567 99.999572 99.999578 99.999587 99.999596 99.999608 99.999620 99.999635 99.999650 99.999667 99.999685 99.999705 99.999725 99.999747 99.999769 99.999793 99.999817 99.999842 99.999867 99.999893 99.999919 99.999946 99.999973 
100.000000 99.999972 99.999944 99.999916 99.999889 99.999862 99.999835 99.999810 99.999785 99.999760 99.999737 99.999714 99.999693 99.999673 99.999654 99.999637 99.999620 99.999606 99.999592 99.999581 99.999570 99.999562 99.999555 99.999550 99.999547 99.999545 99.999545 99.999547 99.999550 99.999555 99.999562 99.999570 99.999581 99.999592 99.999606 99.999620 99.999637 99.999654 99.999673 99.999693 99.999714 99.999737 99.999760 99.999785 99.999810 99.999835 99.999862 99.999889 99.999916 99.999944 99.999972 
100.000000 99.999971 99.999942 99.999914 99.999885 99.999857 99.999830 99.999803 99.999777 99.999752 99.999728 99.999705 99.999683 99.999662 99.999643 99.999624 99.999608 99.999592 99.999579 99.999566 99.999556 99.999547 99.999540 99.999535 99.999531 99.999529 99.999529 99.999531 99.999535 99.999540 99.999547 99.999556 99.999566 99.999579 99.999592 99.999608 99.999624 99.999643 99.999662 99.999683 99.999705 99.999728 99.999752 99.999777 99.999803 99.999830 99.999857 99.999885 99.999914 99.999942 99.999971 
100.000000 99.999970 99.999940 99.999911 99.999882 99.999853 99.999825 99.999798 99.999771 99.999745 99.999720 99.999696 99.999674 99.999652 99.999632 99.999614 99.999596 99.999581 99.999566 99.999554 99.999543 99.999534 99.999527 99.999521 99.999518 99.999516 99.999516 99.999518 99.999521 99.999527 99.999534 99.999543 99.999554 99.999566 99.999581 99.999596 99.999614 99.999632 99.999652 99.999674 99.999696 99.999720 99.999745 99.999771 99.999798 99.999825 99.999853 99.999882 99.999911 99.999940 99.999970 
100.000000 99.999969 99.999939 99.999909 99.999879 99.999850 99.999821 99.999793 99.999765 99.999739 99.999713 99.999689 99.999666 99.999644 99.999623 99.999604 99.999587 99.999570 99.999556 99.999543 99.999532 99.999523 99.999516 99.999510 99.999506 99.999504 99.999504 99.999506 99.999510 99.999516 99.999523 99.999532 99.999543 99.999556 99.999570 99.999587 99.999604 99.999623 99.999644 99.999666 99.999689 99.999713 99.999739 99.999765 99.999793 99.999821 99.999850 99.999879 99.999909 99.999939 99.999969 
100.000000 99.999969 99.999938 99.999907 99.999877 99.999847 99.999817 99.999789 99.999761 99.999734 99.999708 99.999683 99.999659 99.999637 99.999616 99.999596 99.999578 99.999562 99.999547 99.999534 99.999523 99.999514 99.999506 99.999500 99.999496 99.999494 99.999494 99.999496 99.999500 99.999506 99.999514 99.999523 99.999534 99.999547 99.999562 99.999578 99.999596 99.999616 99.999637 99.999659 99.999683 99.999708 99.999734 99.999761 99.999789 99.999817 99.999847 99.999877 99.999907 99.999938 99.999969 
100.000000 99.999968 99.999937 99.999906 99.999875 99.999844 99.999814 99.999785 99.999757 99.999730 99.999703 99.999678 99.999654 99.999631 99.999610 99.999590 99.999572 99.999555 99.999540 99.999527 99.999516 99.999506 99.999498 99.999492 99.999488 99.999487 99.999487 99.999488 99.999492 99.999498 99.999506 99.999516 99.999527 99.999540 99.999555 99.999572 99.999590 99.999610 99.999631 99.999654 99.999678 99.999703 99.999730 99.999757 99.999785 99.999814 99.999844 99.999875 99.999906 99.999937 99.999968 
100.000000 99.999968 99.999936 99.999905 99.999873 99.999842 99.999812 99.999783 99.999754 99.999726 99.999700 99.999674 99.999650 99.999627 99.999605 99.999585 99.999567 99.999550 99.999535 99.999521 99.999510 99.999500 99.999492 99.999487 99.999483 99.999481 99.999481 99.999483 99.999487 99.999492 99.999500 99.999510 99.999521 99.999535 99.999550 99.999567 99.999585 99.999605 99.999627 99.999650 99.999674 99.999700 99.999726 99.999754 99.999783 99.999812 99.999842 99.999873 99.999905 99.999936 99.999968 
100.000000 99.999968 99.999936 99.999904 99.999872 99.999841 99.999811 99.999781 99.999752 99.999724 99.999697 99.999672 99.999647 99.999624 99.999602 99.999582 99.999564 99.999547 99.999531 99.999518 99.999506 99.999496 99.999488 99.999483 99.999479 99.999477 99.999477 99.999479 99.999483 99.999488 99.999496 99.999506 99.999518 99.999531 99.999547 99.999564 99.999582 99.999602 99.999624 99.999647 99.999672 99.999697 99.999724 99.999752 99.999781 99.999811 99.999841 99.999872 99.999904 99.999936 99.999968 
100.000000 99.999968 99.999935 99.999903 99.999872 99.999841 99.999810 99.999780 99.999751 99.999723 99.999696 99.999670 99.999646 99.999623 99.999601 99.999581 99.999562 99.999545 99.999529 99.999516 99.999504 99.999494 99.999487 99.999481 99.999477 99.999475 99.999475 99.999477 99.999481 99.999487 99.999494 99.999504 99.999516 99.999529 99.999545 99.999562 99.999581 99.999601 99.999623 99.999646 99.999670 99.999696 99.999723 99.999751 99.999780 99.999810 99.999841 99.999872 99.999903 99.999935 99.999968 
100.000000 99.999968 99.999935 99.999903 99.999872 99.999841 99.999810 99.999780 99.999751 99.999723 99.999696 99.999670 99.999646 99.999623 99.999601 99.999581 99.999562 99.999545 99.999529 99.999516 99.999504 99.999494 99.999487 99.999481 99.999477 99.999475 99.999475 99.999477 99.999481 99.999487 99.999494 99.999504 99.999516 99.999529 99.999545 99.999562 99.999581 99.999601 99.999623 99.999646 99.999670 99.999696 99.999723 99.999751 99.999780 99.999810 99.999841 99.999872 99.999903 99.999935 99.999968 
100.000000 99.999968 99.999936 99.999904 99.999872 99.999841 99.999811 99.999781 99.999752 99.999724 99.999697 99.999672 99.999647 99.999624 99.999602 99.999582 99.999564 99.999547 99.999531 99.999518 99.999506 99.999496 99.999488 99.999483 99.999479 99.999477 99.999477 99.999479 99.999483 99.999488 99.999496 99.999506 99.999518 99.999531 99.999547 99.999564 99.999582 99.999602 99.999624 99.999647 99.999672 99.999697 99.999724 99.999752 99.999781 99.999811 99.999841 99.999872 99.999904 99.999936 99.999968 
100.000000 99.999968 99.999936 99.999905 99.999873 99.999842 99.999812 99.999783 99.999754 99.999726 99.999700 99.999674 99.999650 99.999627 99.999605 99.999585 99.999567 99.999550 99.999535 99.999521 99.999510 99.999500 99.999492 99.999487 99.999483 99.999481 99.999481 99.999483 99.999487 99.999492 99.999500 99.999510 99.999521 99.999535 99.999550 99.999567 99.999585 99.999605 99.999627 99.999650 99.999674 99.999700 99.999726 99.999754 99.999783 99.999812 99.999842 99.999873 99.999905 99.999936 99.999968 
100.000000 99.999968 99.999937 99.999906 99.999875 99.999844 99.999814 99.999785 99.999757 99.999730 99.999703 99.999678 99.999654 99.999631 99.999610 99.999590 99.999572 99.999555 99.999540 99.999527 99.999516 99.999506 99.999498 99.999492 99.999488 99.999487 99.999487 99.999488 99.999492 99.999498 99.999506 99.999516 99.999527 99.999540 99.999555 99.999572 99.999590 99.999610 99.999631 99.999654 99.999678 99.999703 99.999730 99.999757 99.999785 99.999814 99.999844 99.999875 99.999906 99.999937 99.999968 
100.000000 99.999969 99.999938 99.999907 99.999877 99.999847 99.999817 99.999789 99.999761 99.999734 99.999708 99.999683 99.999659 99.999637 99.999616 99.999596 99.999578 99.999562 99.999547 99.999534 99.999523 99.999514 99.999506 99.999500 99.999496 99.999494 99.999494 99.999496 99.999500 99.999506 99.999514 99.999523 99.999534 99.999547 99.999562 99.999578 99.999596 99.999616 99.999637 99.999659 99.999683 99.999708 99.999734 99.999761 99.999789 99.999817 99.999847 99.999877 99.999907 99.999938 99.999969 
100.000000 99.999969 99.999939 99.999909 99.999879 99.999850 99.999821 99.999793 99.999765 99.999739 99.999713 99.999689 99.999666 99.999644 99.999623 99.999604 99.999587 99.999570 99.999556 99.999543 99.999532 99.999523 99.999516 99.999510 99.999506 99.999504 99.999504 99.999506 99.999510 99.999516 99.999523 99.999532 99.999543 99.999556 99.999570 99.999587 99.999604 99.999623 99.999644 99.999666 99.999689 99.999713 99.999739 99.999765 99.999793 99.999821 99.999850 99.999879 99.999909 99.999939 99.999969 
100.000000 99.999970 99.999940 99.999911 99.999882 99.999853 99.999825 99.999798 99.999771 99.999745 99.999720 99.999696 99.999674 99.999652 99.999632 99.999614 99.999596 99.999581 99.999566 99.999554 99.999543 99.999534 99.999527 99.999521 99.999518 99.999516 99.999516 99.999518 99.999521 99.999527 99.999534 99.999543 99.999554 99.999566 99.999581 99.999596 99.999614 99.999632 99.999652 99.999674 99.999696 99.999720 99.999745 99.999771 99.999798 99.999825 99.999853 99.999882 99.999911 99.999940 99.999970 
100.000000 99.999971 99.999942 99.999914 99.999885 99.999857 99.999830 99.999803 99.999777 99.999752 99.999728 99.999705 99.999683 99.999662 99.999643 99.999624 99.999608 99.999592 99.999579 99.999566 99.999556 99.999547 99.999540 99.999535 99.999531 99.999529 99.999529 99.999531 99.999535 99.999540 99.999547 99.999556 99.999566 99.999579 99.999592 99.999608 99.999624 99.999643 99.999662 99.999683 99.999705 99.999728 99.999752 99.999777 99.999803 99.999830 99.999857 99.999885 99.999914 99.999942 99.999971 
100.000000 99.999972 99.999944 99.999916 99.999889 99.999862 99.999835 99.999810 99.999785 99.999760 99.999737 99.999714 99.999693 99.999673 99.999654 99.999637 99.999620 99.999606 99.999592 99.999581 99.999570 99.999562 99.999555 99.999550 99.999547 99.999545 99.999545 99.999547 99.999550 99.999555 99.999562 99.999570 99.999581 99.999592 99.999606 99.999620 99.999637 99.999654 99.999673 99.999693 99.999714 99.999737 99.999760 99.999785 99.999810 99.999835 99.999862 99.999889 99.999916 99.999944 99.999972 
100.000000 99.999973 99.999946 99.999919 99.999893 99.999867 99.999842 99.999817 99.999793 99.999769 99.999747 99.999725 99.999705 99.999685 99.999667 99.999650 99.999635 99.999620 99.999608 99.999596 99.999587 99.999578 99.999572 99.999567 99.999564 99.999562 99.999562 99.999564 99.999567 99.999572 99.999578 99.999587 99.999596 99.999608 99.999620 99.999635 99.999650 99.999667 99.999685 99.999705 99.999725 99.999747 99.999769 99.999793 99.999817 99.999842 99.999867 99.999893 99.999919 99.999946 99.999973 
100.000000 99.999974 99.999948 99.999923 99.999898 99.999873 99.999848 99.999825 99.999801 99.999779 99.999758 99.999737 99.999717 99.999699 99.999681 99.999665 99.999650 99.999637 99.999624 99.999614 99.999604 99.999596 99.999590 99.999585 99.999582 99.999581 99.999581 99.999582 99.999585 99.999590 99.999596 99.999604 99.999614 99.999624 99.999637 99.999650 99.999665 99.999681 99.999699 99.999717 99.999737 99.999758 99.999779 99.999801 99.999825 99.999848 99.999873 99.999898 99.999923 99.999948 99.999974 
100.000000 99.999975 99.999951 99.999927 99.999903 99.999879 99.999856 99.999833 99.999811 99.999790 99.999769 99.999750 99.999731 99.999713 99.999697 99.999681 99.999667 99.999654 99.999643 99.999632 99.999623 99.999616 99.999610 99.999605 99.999602 99.999601 99.999601 99.999602 99.999605 99.999610 99.999616 99.999623 99.999632 99.999643 99.999654 99.999667 99.999681 99.999697 99.999713 99.999731 99.999750 99.999769 99.999790 99.999811 99.999833 99.999856 99.999879 99.999903 99.999927 99.999951 99.999975 
100.000000 99.999977 99.999954 99.999931 99.999908 99.999886 99.999864 99.999842 99.999821 99.999801 99.999782 99.999763 99.999746 99.999729 99.999713 99.999699 99.999685 99.999673 99.999662 99.999652 99.999644 99.999637 99.999631 99.999627 99.999624 99.999623 99.999623 99.999624 99.999627 99.999631 99.999637 99.999644 99.999652 99.999662 99.999673 99.999685 99.999699 99.999713 99.999729 99.999746 99.999763 99.999782 99.999801 99.999821 99.999842 99.999864 99.999886 99.999908 99.999931 99.999954 99.999977 
100.000000 99.999978 99.999956 99.999935 99.999914 99.999893 99.999872 99.999852 99.999832 99.999813 99.999795 99.999778 99.999761 99.999746 99.999731 99.999717 99.999705 99.999693 99.999683 99.999674 99.999666 99.999659 99.999654 99.999650 99.999647 99.999646 99.999646 99.999647 99.999650 99.999654 99.999659 99.999666 99.999674 99.999683 99.999693 99.999705 99.999717 99.999731 99.999746 99.999761 99.999778 99.999795 99.999813 99.999832 99.999852 99.999872 99.999893 99.999914 99.999935 99.999956 99.999978 
100.000000 99.999980 99.999959 99.999939 99.999920 99.999900 99.999881 99.999862 99.999844 99.999826 99.999810 99.999793 99.999778 99.999763 99.999750 99.999737 99.999725 99.999714 99.999705 99.999696 99.999689 99.999683 99.999678 99.999674 99.999672 99.999670 99.999670 99.999672 99.999674 99.999678 99.999683 99.999689 99.999696 99.999705 99.999714 99.999725 99.999737 99.999750 99.999763 99.999778 99.999793 99.999810 99.999826 99.999844 99.999862 99.999881 99.999900 99.999920 99.999939 99.999959 99.999980 
100.000000 99.999981 99.999963 99.999944 99.999926 99.999908 99.999890 99.999873 99.999856 99.999840 99.999824 99.999810 99.999795 99.999782 99.999769 99.999758 99.999747 99.999737 99.999728 99.999720 99.999713 99.999708 99.999703 99.999700 99.999697 99.999696 99.999696 99.999697 99.999700 99.999703 99.999708 99.999713 99.999720 99.999728 99.999737 99.999747 99.999758 99.999769 99.999782 99.999795 99.999810 99.999824 99.999840 99.999856 99.999873 99.999890 99.999908 99.999926 99.999944 99.999963 99.999981 
100.000000 99.999983 99.999966 99.999949 99.999932 99.999916 99.999900 99.999884 99.999869 99.999854 99.999840 99.999826 99.999813 99.999801 99.999790 99.999779 99.999769 99.999760 99.999752 99.999745 99.999739 99.999734 99.999730 99.999726 99.999724 99.999723 99.999723 99.999724 99.999726 99.999730 99.999734 99.999739 99.999745 99.999752 99.999760 99.999769 99.999779 99.999790 99.999801 99.999813 99.999826 99.999840 99.999854 99.999869 99.999884 99.999900 99.999916 99.999932 99.999949 99.999966 99.999983 
100.000000 99.999985 99.999969 99.999954 99.999939 99.999925 99.999910 99.999896 99.999882 99.999869 99.999856 99.999844 99.999832 99.999821 99.999811 99.999801 99.999793 99.999785 99.999777 99.999771 99.999765 99.999761 99.999757 99.999754 99.999752 99.999751 99.999751 99.999752 99.999754 99.999757 99.999761 99.999765 99.999771 99.999777 99.999785 99.999793 99.999801 99.999811 99.999821 99.999832 99.999844 99.999856 99.999869 99.999882 99.999896 99.999910 99.999925 99.999939 99.999954 99.999969 99.999985 
100.000000 99.999986 99.999973 99.999960 99.999946 99.999933 99.999921 99.999908 99.999896 99.999884 99.999873 99.999862 99.999852 99.999842 99.999833 99.999825 99.999817 99.999810 99.999803 99.999798 99.999793 99.999789 99.999785 99.999783 99.999781 99.999780 99.999780 99.999781 99.999783 99.999785 99.999789 99.999793 99.999798 99.999803 99.999810 99.999817 99.999825 99.999833 99.999842 99.999852 99.999862 99.999873 99.999884 99.999896 99.999908 99.999921 99.999933 99.999946 99.999960 99.999973 99.999986 
100.000000 99.999988 99.999977 99.999965 99.999954 99.999942 99.999931 99.999921 99.999910 99.999900 99.999890 99.999881 99.999872 99.999864 99.999856 99.999848 99.999842 99.999835 99.999830 99.999825 99.999821 99.999817 99.999814 99.999812 99.999811 99.999810 99.999810 99.999811 99.999812 99.999814 99.999817 99.999821 99.999825 99.999830 99.999835 99.999842 99.999848 99.999856 99.999864 99.999872 99.999881 99.999890 99.999900 99.999910 99.999921 99.999931 99.999942 99.999954 99.999965 99.999977 99.999988 
100.000000 99.999990 99.999980 99.999971 99.999961 99.999952 99.999942 99.999933 99.999925 99.999916 99.999908 99.999900 99.999893 99.999886 99.999879 99.999873 99.999867 99.999862 99.999857 99.999853 99.999850 99.999847 99.999844 99.999842 99.999841 99.999841 99.999841 99.999841 99.999842 99.999844 99.999847 99.999850 99.999853 99.999857 99.999862 99.999867 99.999873 99.999879 99.999886 99.999893 99.999900 99.999908 99.999916 99.999925 99.999933 99.999942 99.999952 99.999961 99.999971 99.999980 99.999990 
100.000000 99.999992 99.999984 99.999976 99.999969 99.999961 99.999954 99.999946 99.999939 99.999932 99.999926 99.999920 99.999914 99.999908 99.999903 99.999898 99.999893 99.999889 99.999885 99.999882 99.999879 99.999877 99.999875 99.999873 99.999872 99.999872 99.999872 99.999872 99.999873 99.999875 99.999877 99.999879 99.999882 99.999885 99.999889 99.999893 99.999898 99.999903 99.999908 99.999914 99.999920 99.999926 99.999932 99.999939 99.999946 99.999954 99.999961 99.999969 99.999976 99.999984 99.999992 
100.000000 99.999994 99.999988 99.999982 99.999976 99.999971 99.999965 99.999960 99.999954 99.999949 99.999944 99.999939 99.999935 99.999931 99.999927 99.999923 99.999919 99.999916 99.999914 99.999911 99.999909 99.999907 99.999906 99.999905 99.999904 99.999903 99.999903 99.999904 99.999905 99.999906 99.999907 99.999909 99.999911 99.999914 99.999916 99.999919 99.999923 99.999927 99.999931 99.999935 99.999939 99.999944 99.999949 99.999954 99.999960 99.999965 99.999971 99.999976 99.999982 99.999988 99.999994 
100.000000 99.999996 99.999992 99.999988 99.999984 99.999980 99.999977 99.999973 99.999969 99.999966 99.999963 99.999959 99.999956 99.999954 99.999951 99.999948 99.999946 99.999944 99.999942 99.999940 99.999939 99.999938 99.999937 99.999936 99.999936 99.999935 99.999935 99.999936 99.999936 99.999937 99.999938 99.999939 99.999940 99.999942 99.999944 99.999946 99.999948 99.999951 99.999954 99.999956 99.999959 99.999963 99.999966 99.999969 99.999973 99.999977 99.999980 99.999984 99.999988 99.999992 99.999996 
100.000000 99.999998 99.999996 99.999994 99.999992 99.999990 99.999988 99.999986 99.999985 99.999983 99.999981 99.999980 99.999978 99.999977 99.999975 99.999974 99.999973 99.999972 99.999971 99.999970 99.999969 99.999969 99.999968 99.999968 99.999968 99.999968 99.999968 99.999968 99.999968 99.999968 99.999969 99.999969 99.999970 99.999971 99.999972 99.999973 99.999974 99.999975 99.999977 99.999978 99.999980 99.999981 99.999983 99.999985 99.999986 99.999988 99.999990 99.999992 99.999994 99.999996 99.999998 
